0.051440329218106984, 758.8571428571428
0.08230452674897121, 754.2857142857142
0.10288065843621397, 749.7142857142857
0.11831275720164613, 742.8571428571428
0.1286008230452675, 737.1428571428571
0.1440329218106996, 731.4285714285713
0.15432098765432095, 726.8571428571428
0.16460905349794236, 722.2857142857142
0.18004115226337447, 715.4285714285713
0.19547325102880658, 708.5714285714284
0.21090534979423875, 701.7142857142857
0.23148148148148145, 693.7142857142857
0.24176954732510286, 686.8571428571428
0.2623456790123457, 676.5714285714284
0.28806584362139925, 666.2857142857142
0.3034979423868313, 658.2857142857142
0.31893004115226337, 650.2857142857142
0.3395061728395062, 637.7142857142857
0.3600823045267489, 628.5714285714284
0.37551440329218105, 616
0.40123456790123463, 604.5714285714284
0.42181069958847733, 592
0.4372427983539095, 580.5714285714284
0.45267489711934156, 568
0.4732510288065844, 554.2857142857142
0.48868312757201643, 542.8571428571429
0.5298353909465021, 531.4285714285713
0.5658436213991771, 523.4285714285713
0.5864197530864197, 516.5714285714286
0.6275720164609053, 508.5714285714285
0.6532921810699588, 501.71428571428567
0.6841563786008231, 494.85714285714283
0.7150205761316872, 486.85714285714283
0.7458847736625513, 478.8571428571428
0.8127572016460907, 476.5714285714285
0.8641975308641976, 476.5714285714285
0.9207818930041152, 475.4285714285714
0.9979423868312758, 474.2857142857142
1.0751028806584362, 474.2857142857142
1.1419753086419753, 471.99999999999994
1.1934156378600824, 471.99999999999994
1.2705761316872428, 471.99999999999994
1.337448559670782, 471.99999999999994
1.419753086419753, 469.71428571428567
1.5020576131687242, 469.71428571428567
1.5637860082304529, 471.99999999999994
1.610082304526749, 474.2857142857142
1.6563786008230452, 475.4285714285714
1.7129629629629628, 476.5714285714285
1.7541152263374484, 479.99999999999994
1.795267489711934, 479.99999999999994
1.8518518518518516, 481.14285714285705
1.903292181069959, 483.4285714285714
1.954732510288066, 484.5714285714285
2.001028806584362, 485.71428571428567
2.067901234567901, 485.71428571428567
2.114197530864198, 485.71428571428567
2.1707818930041154, 485.71428571428567
2.227366255144033, 485.71428571428567
2.2890946502057616, 485.71428571428567
2.345679012345679, 486.85714285714283
2.42283950617284, 485.71428571428567
2.4742798353909463, 485.71428571428567
2.5051440329218106, 485.71428571428567
