1154, 118.99686520376174
1138, 113.98119122257052
1118, 108.46394984326018
1096, 102.94670846394983
1074, 97.9310344827586
1052, 92.91536050156739
1026, 86.3949843260188
1002, 80.87774294670845
973.9999999999999, 74.35736677115986
950, 67.83699059561128
922, 61.31661442006269
888, 53.291536050156736
858, 46.269592476489024
836.0000000000001, 40.75235109717869
816, 34.733542319749205
794, 30.219435736677113
772, 24.200626959247643
742, 17.680250783699066
726, 13.66771159874608
696, 7.1473354231974895
668, 0.6269592476488981
636, -6.896551724137936
606, -12.915360501567392
586, -17.429467084639498
564, -21.943573667711604
546, -24.451410658307225
530, -22.946708463949847
518, -17.429467084639498
508, -10.4075235109718
496, -4.3887147335423435
484, 1.1285266457680336
470, 6.144200626959247
454, 9.65517241379311
438, 11.15987460815046
420, 11.661442006269567
408, 12.163009404388703
394, 12.163009404388703
350, 11.15987460815046
306, 9.153605015673975
