1194, 112.97805642633227
1174, 108.9655172413793
1148, 102.44514106583071
1124, 96.92789968652036
1098, 90.40752351097177
1078, 85.89341692789968
1056, 80.37617554858933
1038, 75.86206896551724
1022.0000000000001, 72.35109717868337
999.9999999999999, 66.83385579937303
984, 62.821316614420056
960, 57.30407523510971
945.9999999999999, 53.79310344827586
928, 49.78056426332287
914, 46.269592476489024
900, 42.75862068965516
884, 39.24764890282131
862.0000000000001, 34.2319749216301
850, 31.222570532915356
838.0000000000001, 27.711598746081506
826, 25.203761755485885
810, 21.191222570532915
792, 17.17868338557993
774, 12.664576802507838
752, 10.156739811912217
730, 7.1473354231974895
708, 4.639498432601897
686, 2.131661442006248
664, -0.8777429467084801
644, -2.8840125391849654
638, 2.6332288401253834
628, 10.658307210031353
614, 16.175548589341687
600, 19.686520376175537
580, 20.689655172413794
562, 19.686520376175537
540, 18.181818181818173
516, 15.17241379310343
496, 12.664576802507838
474, 10.156739811912217
452, 7.1473354231974895
436, 5.141065830720976
416, 2.6332288401253834
400, 0.6269592476488981
384, -1.3793103448275872
366, -3.3855799373040725
340, -6.896551724137936
322, -8.902821316614421
300, -11.91222570532915
