1144, 119.99999999999999
1132, 116.99059561128526
1118, 113.47962382445141
1104, 109.96865203761755
1088, 105.95611285266457
1076, 102.94670846394983
1062, 99.93730407523509
1046, 95.92476489028212
1030, 92.41379310344826
1008, 86.89655172413791
988, 81.8808777429467
971.9999999999999, 78.36990595611285
954, 73.85579937304074
938, 69.84326018808777
922, 66.3322884012539
906, 62.319749216300934
890.0000000000001, 58.80877742946707
872, 54.29467084639498
852, 49.27899686520375
832, 44.26332288401254
810, 39.74921630094043
792, 35.235109717868326
774, 30.721003134796234
752, 25.705329153605007
728, 19.686520376175537
710, 15.673981191222566
690, 10.156739811912217
674, 6.645768025078354
652, 1.6300940438871407
632, -3.3855799373040725
618, -6.896551724137936
600, -10.909090909090907
586, -14.42006269592477
566, -18.934169278996876
546, -23.94984326018809
526, -28.463949843260195
510, -32.9780564263323
500, -34.48275862068965
494, -28.463949843260195
484, -21.943573667711604
474, -14.921630094043906
460, -8.401253918495314
452, -4.3887147335423435
436, 1.1285266457680336
420, 5.642633228840111
404, 8.65203761755484
386, 11.15987460815046
358, 13.66771159874608
330, 15.17241379310343
304, 15.673981191222566
