1192, 119.49843260188086
1180, 116.48902821316614
1164, 112.97805642633227
1146, 108.46394984326018
1130, 104.4514106583072
1108, 99.43573667711598
1096, 96.42633228840126
1074, 91.41065830721003
1056, 86.89655172413791
1040, 82.88401253918494
1016, 77.3667711598746
996.0000000000001, 72.35109717868337
976, 67.83699059561128
962, 64.32601880877742
948, 60.81504702194357
930, 56.300940438871464
916.0000000000001, 53.291536050156736
898, 48.77742946708463
882, 45.26645768025077
864.0000000000001, 40.75235109717869
844, 35.73667711598745
826, 31.724137931034463
808, 27.210031347962385
786, 22.194357366771143
772, 18.181818181818173
756, 15.17241379310343
736, 10.658307210031353
716, 6.144200626959247
700, 3.134796238244519
684, -0.8777429467084801
666, -4.3887147335423435
648, -8.401253918495314
630, -12.413793103448285
610, -16.92789968652039
594, -19.93730407523512
586, -12.413793103448285
578, -5.391849529780558
570, 1.6300940438871407
560, 8.150470219435732
548, 13.166144200626945
530, 17.17868338557993
500, 18.683385579937294
480, 18.683385579937294
454, 17.17868338557993
424, 14.670846394984324
402, 13.166144200626945
374, 10.658307210031353
356, 9.153605015673975
336, 7.1473354231974895
320, 5.642633228840111
300, 3.636363636363626
