-0.00001	-1.00
0.00000	-0.78
0.00000	-0.89
0.00000	-0.83
0.00000	-0.67
0.00000	-0.89
0.00000	-0.24
0.00001	2.04
0.00002	3.44
0.00003	5.93
0.00004	7.39
0.00004	9.18
0.00006	10.15
0.00006	12.21
0.00007	14.21
0.00009	16.27
0.00008	18.17
0.00010	19.14
0.00010	20.87
0.00012	22.12
0.00012	23.58
0.00012	24.77
0.00013	25.53
0.00015	29.42
0.00016	31.37
0.00017	34.40
0.00019	37.33
0.00020	40.57
0.00022	44.42
0.00024	48.48
0.00027	53.13
0.00029	58.65
0.00031	63.58
0.00033	67.80
0.00036	71.97
0.00038	77.70
0.00040	81.38
0.00043	88.10
0.00046	94.81
0.00049	100.27
0.00051	105.09
0.00054	109.10
0.00057	115.81
0.00060	123.82
0.00063	129.45
0.00066	135.83
0.00069	141.14
0.00072	148.23
0.00076	155.21
0.00078	162.14
0.00082	168.20
0.00086	176.05
0.00089	181.95
0.00092	189.63
0.00096	197.21
0.00100	203.71
0.00103	210.26
0.00107	217.46
0.00111	225.36
0.00114	231.91
0.00118	238.24
0.00120	244.46
0.00125	252.74
0.00128	260.27
0.00132	267.79
0.00136	275.15
0.00140	281.92
0.00144	288.58
0.00148	297.34
0.00151	302.49
0.00156	310.77
0.00160	319.54
0.00164	325.17
0.00169	333.01
0.00173	341.40
0.00177	346.92
0.00181	354.56
0.00185	362.24
0.00190	368.41
0.00194	375.99
0.00198	383.95
0.00204	391.63
0.00208	398.99
0.00212	404.30
0.00216	410.90
0.00221	419.02
0.00227	426.00
0.00231	432.33
0.00237	438.61
0.00241	446.62
0.00246	453.17
0.00252	459.83
0.00257	466.60
0.00262	473.47
0.00268	480.78
0.00274	487.22
0.00278	492.52
0.00282	494.69
0.00290	504.65
0.00296	510.92
0.00302	517.69
0.00308	522.83
0.00314	529.81
0.00319	534.20
0.00326	540.59
0.00334	547.73
0.00340	551.84
0.00346	558.39
0.00353	563.10
0.00360	568.68
0.00367	574.03
0.00374	578.47
0.00382	584.16
0.00389	588.81
0.00397	593.41
0.00404	599.04
0.00411	602.78
0.00419	607.59
0.00427	612.14
0.00435	617.71
0.00443	621.23
0.00451	626.27
0.00460	629.95
0.00468	633.68
0.00476	638.07
0.00484	641.96
0.00492	645.10
0.00501	649.81
0.00510	653.82
0.00520	657.77
0.00528	659.72
0.00537	664.97
0.00546	667.73
0.00556	670.92
0.00565	675.25
0.00573	680.88
0.00582	681.47
0.00593	684.78
0.00603	687.37
0.00613	691.27
0.00623	693.98
0.00632	697.12
0.00642	699.71
0.00652	703.18
0.00661	704.10
0.00672	708.59
0.00682	711.46
0.00693	713.14
0.00704	717.63
0.00714	720.28
0.00724	721.47
0.00734	723.10
0.00745	726.56
0.00755	728.29
0.00765	731.00
0.00777	734.73
0.00788	737.28
0.00798	740.85
0.00808	739.55
0.00819	743.99
0.00831	745.23
0.00841	746.97
0.00852	748.86
0.00863	752.32
0.00873	753.19
0.00884	754.49
0.00896	757.84
0.00907	759.74
0.00919	761.85
0.00930	763.37
0.00942	765.53
0.00952	766.29
0.00957	764.50
0.00974	771.27
0.00985	772.35
0.00997	774.41
0.01009	776.36
0.01021	778.09
0.01031	778.41
0.01043	780.14
0.01054	782.63
0.01066	783.50
0.01078	786.10
0.01089	786.64
0.01101	790.00
0.01112	789.45
0.01124	791.51
0.01136	793.35
0.01148	794.33
0.01159	795.84
0.01172	798.66
0.01182	798.22
0.01194	801.09
0.01206	801.47
0.01219	802.99
0.01231	804.50
0.01241	805.85
0.01254	808.18
0.01266	808.83
0.01278	809.86
0.01290	810.45
0.01301	811.65
0.01315	813.97
0.01326	815.65
0.01339	816.84
0.01350	815.54
0.01363	819.01
0.01374	819.76
0.01387	821.06
0.01399	822.04
0.01409	823.82
0.01422	824.20
0.01434	825.50
0.01447	826.37
0.01459	828.53
0.01471	828.80
0.01484	830.59
0.01496	832.54
0.01508	831.78
0.01519	832.43
0.01533	836.06
0.01545	836.11
0.01557	836.81
0.01569	838.71
0.01582	840.50
0.01595	839.85
0.01607	841.14
0.01619	842.39
0.01632	842.55
0.01643	844.55
0.01657	845.96
0.01668	845.96
0.01682	847.31
0.01693	847.80
0.01706	848.94
0.01720	851.54
0.01731	850.29
0.01744	851.59
0.01755	851.92
0.01768	852.89
0.01780	853.97
0.01793	856.25
0.01806	855.49
0.01818	857.98
0.01831	858.19
0.01843	857.87
0.01856	859.71
0.01865	857.49
0.01879	862.74
0.01892	862.31
0.01906	863.01
0.01918	865.77
0.01931	865.28
0.01944	865.45
0.01957	867.12
0.01970	867.61
0.01982	868.04
0.01995	868.86
0.02008	870.21
0.02022	869.45
0.02033	870.53
0.02047	871.29
0.02060	873.46
0.02072	873.13
0.02086	873.24
0.02099	874.49
0.02111	874.16
0.02124	876.54
0.02137	876.70
0.02151	877.41
0.02163	878.76
0.02176	880.28
0.02190	880.39
0.02200	881.20
0.02213	881.03
0.02225	880.66
0.02240	883.63
0.02253	883.58
0.02266	884.82
0.02278	884.50
0.02290	885.91
0.02303	885.69
0.02316	886.77
0.02329	887.10
0.02340	887.15
0.02353	890.02
0.02368	889.26
0.02380	890.02
0.02392	890.02
0.02406	891.53
0.02419	891.91
0.02431	892.24
0.02445	893.27
0.02457	893.54
0.02470	892.18
0.02485	894.84
0.02497	895.22
0.02512	897.38
0.02524	896.95
0.02538	897.71
0.02551	897.92
0.02563	898.19
0.02576	898.68
0.02589	898.57
0.02602	900.09
0.02616	901.39
0.02629	901.82
0.02641	901.28
0.02655	901.28
0.02669	904.20
0.02682	904.31
0.02694	903.12
0.02708	905.01
0.02721	905.61
0.02734	905.39
0.02747	904.96
0.02760	906.04
0.02774	907.61
0.02787	907.34
0.02801	907.66
0.02814	909.50
0.02827	908.37
0.02832	904.42
0.02855	911.78
0.02869	910.26
0.02884	911.24
0.02897	909.94
0.02911	910.80
0.02924	911.89
0.02937	912.43
0.02950	913.19
0.02963	913.08
0.02976	914.00
0.02990	914.05
0.03003	915.73
0.03017	914.81
0.03029	915.41
0.03044	916.33
0.03057	917.08
0.03071	917.79
0.03084	918.87
0.03095	916.16
0.03110	918.76
0.03123	918.71
0.03137	920.11
0.03150	919.95
0.03164	920.71
0.03177	920.44
0.03189	920.44
0.03204	921.20
0.03217	921.79
0.03231	922.93
0.03244	922.06
0.03258	923.36
0.03273	925.26
0.03285	922.17
0.03299	924.06
0.03314	924.23
0.03327	925.15
0.03340	924.93
0.03352	926.07
0.03367	925.53
0.03379	926.12
0.03393	926.01
0.03407	927.31
0.03420	927.58
0.03435	927.75
0.03447	928.18
0.03463	928.18
0.03475	927.37
0.03490	929.32
0.03502	927.64
0.03517	929.64
0.03530	930.29
0.03546	930.72
0.03558	930.02
0.03572	930.34
0.03585	931.21
0.03599	931.32
0.03613	931.86
0.03627	931.91
0.03640	933.65
0.03655	933.05
0.03667	932.45
0.03683	934.08
0.03694	932.78
0.03709	933.54
0.03723	934.62
0.03737	935.32
0.03750	934.19
0.03765	935.11
0.03778	935.92
0.03792	935.81
0.03807	936.57
0.03820	937.00
0.03833	935.97
0.03848	936.46
0.03858	934.19
0.03875	937.87
0.03889	937.87
0.03902	938.52
0.03917	938.79
0.03932	939.22
0.03945	938.79
0.03959	938.57
0.03973	939.38
0.03987	938.95
0.04000	940.09
0.04015	940.68
0.04029	940.36
0.04045	940.46
0.04059	940.25
0.04073	941.38
0.04088	942.41
0.04101	941.01
0.04115	941.98
0.04129	944.04
0.04145	942.41
0.04159	942.41
0.04173	943.71
0.04188	942.58
0.04201	943.55
0.04215	943.71
0.04230	943.28
0.04243	943.33
0.04257	942.90
0.04271	945.44
0.04285	943.98
0.04300	944.79
0.04314	945.44
0.04327	944.58
0.04341	945.44
0.04356	945.66
0.04369	945.50
0.04384	945.44
0.04397	947.23
0.04412	946.53
0.04425	946.80
0.04441	946.85
0.04456	947.07
0.04470	948.91
0.04484	947.29
0.04498	948.31
0.04513	947.50
0.04525	946.80
0.04541	947.83
0.04554	948.48
0.04569	948.91
0.04582	947.83
0.04599	950.42
0.04614	949.88
0.04629	948.69
0.04644	948.48
0.04655	947.72
0.04667	948.75
0.04681	949.34
0.04695	950.37
0.04709	950.64
0.04724	950.21
0.04738	951.07
0.04755	951.40
0.04770	951.99
0.04785	950.64
0.04799	951.56
0.04814	951.24
0.04829	950.86
0.04843	951.56
0.04858	951.99
0.04873	951.94
0.04887	952.37
0.04902	952.86
0.04916	951.99
0.04923	947.50
0.04944	953.35
0.04958	953.51
0.04972	954.21
0.04986	953.08
0.05001	953.62
0.05015	952.86
0.05029	953.45
0.05046	953.94
0.05061	954.10
0.05075	954.21
0.05092	955.84
0.05106	954.65
0.05120	954.54
0.05133	953.51
0.05148	954.81
0.05162	954.97
0.05176	955.62
0.05191	954.97
0.05205	957.78
0.05221	955.62
0.05234	956.00
0.05250	955.84
0.05264	956.92
0.05279	956.22
0.05293	955.84
0.05308	957.14
0.05322	957.08
0.05335	954.97
0.05352	956.16
0.05366	957.57
0.05381	957.24
0.05395	957.14
0.05410	957.57
0.05424	956.38
0.05439	956.76
0.05454	957.24
0.05468	956.27
0.05483	958.27
0.05499	958.76
0.05512	957.78
0.05527	957.57
0.05543	957.14
0.05557	957.78
0.05572	958.87
0.05586	957.84
0.05602	958.92
0.05616	958.49
0.05631	958.27
0.05646	958.87
0.05662	957.84
0.05677	958.65
0.05691	958.98
0.05706	959.79
0.05720	959.63
0.05735	958.49
0.05749	957.73
0.05764	960.60
0.05780	959.46
0.05795	959.30
0.05810	959.35
0.05825	958.65
0.05839	959.73
0.05854	960.06
0.05870	961.14
0.05885	961.25
0.05899	960.60
0.05914	961.03
0.05928	960.17
0.05943	960.38
0.05959	960.17
0.05973	959.95
0.05989	960.71
0.06004	961.03
0.06018	960.60
0.06032	958.49
0.06049	960.38
0.06063	961.36
0.06079	961.25
0.06096	961.03
0.06110	961.41
0.06126	961.14
0.06140	959.73
0.06155	960.60
0.06170	960.17
0.06185	961.03
0.06201	961.90
0.06215	961.25
0.06231	961.68
0.06245	961.03
0.06261	961.47
0.06276	960.82
0.06291	961.03
0.06307	961.74
0.06320	962.22
0.06337	962.01
0.06351	960.87
0.06367	961.90
0.06382	961.90
0.06397	961.90
0.06412	961.90
0.06429	962.44
0.06444	962.76
0.06456	960.38
0.06474	961.47
0.06489	961.03
0.06504	961.41
0.06518	961.79
0.06534	961.09
0.06551	961.63
0.06566	961.14
0.06582	961.57
0.06597	959.30
0.06614	959.95
0.06638	955.40
0.06662	947.01
0.06687	939.71
0.06715	930.34
	
	
	
	
	
	
	
	
