0.043243243243243246, 761.0576923076923
0.07027027027027022, 753.8461538461538
0.0972972972972973, 745.1923076923076
0.11891891891891893, 737.9807692307692
0.1459459459459459, 729.3269230769231
0.17297297297297287, 720.6730769230769
0.19999999999999996, 710.5769230769231
0.21621621621621623, 700.4807692307692
0.2324324324324324, 690.3846153846154
0.24864864864864855, 680.2884615384614
0.2648648648648648, 670.1923076923076
0.281081081081081, 660.0961538461538
0.3027027027027027, 647.1153846153845
0.3189189189189189, 634.1346153846154
0.3405405405405405, 619.7115384615385
0.3621621621621621, 606.7307692307692
0.3783783783783784, 592.3076923076923
0.4, 580.7692307692307
0.4270270270270269, 569.2307692307693
0.45405405405405397, 562.0192307692307
0.4756756756756757, 553.3653846153845
0.4972972972972971, 546.1538461538462
0.535135135135135, 538.9423076923076
0.5783783783783782, 530.2884615384614
0.6162162162162161, 524.5192307692307
0.664864864864865, 517.3076923076924
0.7027027027027026, 510.0961538461538
0.7513513513513512, 502.88461538461536
0.8108108108108107, 499.99999999999994
0.8756756756756756, 497.1153846153846
0.9351351351351351, 494.23076923076917
1.0108108108108107, 492.78846153846155
1.0756756756756758, 491.3461538461538
1.145945945945946, 491.3461538461538
1.216216216216216, 491.3461538461538
1.281081081081081, 491.3461538461538
1.345945945945946, 491.3461538461538
1.4000000000000001, 491.3461538461538
1.4648648648648648, 491.3461538461538
1.5243243243243245, 489.90384615384613
1.5729729729729727, 489.90384615384613
1.627027027027027, 491.3461538461538
1.6756756756756757, 491.3461538461538
1.7135135135135136, 491.3461538461538
1.7675675675675675, 491.3461538461538
1.816216216216216, 491.3461538461538
1.8810810810810807, 491.3461538461538
1.9351351351351351, 491.3461538461538
1.9999999999999998, 492.78846153846155
2.0594594594594593, 492.78846153846155
2.1135135135135137, 491.3461538461538
2.1567567567567565, 491.3461538461538
2.205405405405405, 491.3461538461538
2.2486486486486488, 491.3461538461538
2.308108108108108, 491.3461538461538
2.351351351351351, 489.90384615384613
2.4054054054054053, 488.4615384615384
2.454054054054054, 488.4615384615384
2.4918918918918918, 488.4615384615384
